1	14.0	True	[10. 14. 10. 13.]
2	14.0	True	[ 9. 13. 14. 10.]
3	14.0	True	[13. 10. 14. 14.]
4	15.0	True	[15. 10.  8. 13.]
5	15.0	True	[15. 14. 15. 10.]
6	15.0	True	[11. 15. 13. 14.]
7	15.0	True	[13.  8. 15. 14.]
8	15.0	False	[11. 14. 13. 13.]
9	15.0	True	[10. 13. 15. 13.]
10	15.0	True	[15.  9.  8.  9.]
11	15.0	True	[15. 15. 10.  9.]
12	15.0	True	[10. 11. 11. 15.]
13	15.0	False	[ 9.  9. 10. 14.]
14	15.0	False	[12. 13. 10. 13.]
15	15.0	True	[14. 15. 14. 13.]
16	15.0	False	[10. 10. 14.  8.]
17	16.0	True	[14. 10. 15. 16.]
18	16.0	False	[14.  9. 13. 13.]
19	16.0	False	[ 9. 14. 11.  9.]
20	16.0	False	[ 8. 10. 10. 15.]
21	16.0	False	[10. 13. 14. 10.]
22	16.0	False	[15.  9. 13. 13.]
23	16.0	False	[14. 10. 13. 14.]
24	16.0	False	[14. 10. 11. 10.]
25	16.0	False	[12. 10. 15.  9.]
26	16.0	False	[ 9. 10. 10.  9.]
27	16.0	False	[10. 14. 15. 14.]
28	16.0	False	[ 9. 10. 13. 15.]
29	16.0	False	[ 9.  9.  9. 13.]
30	16.0	False	[ 9. 12.  8.  9.]
31	16.0	False	[15. 13. 15.  9.]
32	16.0	False	[10. 14. 15. 10.]
33	16.0	False	[ 8. 15. 10. 14.]
34	16.0	False	[10. 10. 10. 15.]
35	16.0	False	[11. 15.  9. 12.]
36	16.0	False	[10. 13.  9. 14.]
37	16.0	False	[ 8. 15. 14.  9.]
38	16.0	False	[14. 10. 13. 15.]
39	16.0	False	[14.  9. 10. 13.]
40	16.0	False	[ 9. 10. 15. 10.]
41	16.0	False	[ 9. 14. 13.  9.]
42	16.0	False	[14. 15. 15. 15.]
43	16.0	False	[13. 10.  9. 13.]
44	16.0	False	[13.  9. 14.  9.]
45	16.0	False	[15. 14.  8. 11.]
46	16.0	False	[15. 10. 15. 14.]
47	16.0	False	[14. 13.  9. 10.]
48	16.0	False	[14.  9.  8. 15.]
49	16.0	False	[13.  9. 14. 14.]
50	16.0	False	[ 9. 10.  9.  9.]
51	16.0	False	[14. 12.  9.  9.]
52	16.0	False	[ 9. 14. 14. 13.]
53	16.0	False	[ 9. 13. 14.  9.]
54	16.0	False	[10. 15. 10. 10.]
55	16.0	False	[11. 15. 15. 13.]
56	16.0	False	[14. 14. 13.  9.]
57	16.0	False	[14. 12. 14. 10.]
58	16.0	False	[10.  9.  9.  9.]
59	16.0	False	[10. 10.  9. 14.]
60	16.0	False	[14. 13. 14. 15.]
61	16.0	False	[ 9. 11.  9. 10.]
62	16.0	False	[10.  8.  9.  9.]
63	16.0	False	[15. 10.  9. 13.]
64	16.0	False	[14. 10. 15. 13.]
65	16.0	False	[10. 14. 10. 15.]
66	16.0	False	[13.  8.  8.  9.]
67	16.0	False	[13.  9. 15.  9.]
68	16.0	False	[ 9. 10. 13. 13.]
69	16.0	False	[15. 14. 13. 10.]
70	16.0	False	[15. 10. 15. 12.]
71	16.0	False	[ 9. 10.  9. 15.]
72	16.0	False	[ 9.  9. 13. 14.]
73	16.0	False	[14.  9.  9. 10.]
74	16.0	False	[15. 10. 13. 15.]
75	16.0	False	[10. 10.  9. 14.]
76	16.0	False	[10. 13. 10. 14.]
77	16.0	False	[13.  8. 15. 10.]
78	16.0	False	[14.  8. 15. 13.]
79	16.0	False	[10. 15. 13. 11.]
80	18.0	True	[10. 18.  8. 15.]
81	18.0	False	[10. 10.  8. 10.]
82	18.0	False	[10.  9. 13. 10.]
83	18.0	True	[15.  9. 17. 18.]
84	18.0	False	[17.  9.  9. 10.]
85	21.0	True	[15. 21. 15. 10.]
86	21.0	False	[10. 10. 17. 12.]
87	21.0	False	[10. 15. 10. 13.]
88	21.0	False	[ 8. 13. 10.  8.]
89	21.0	False	[15.  9. 14. 15.]
90	21.0	False	[ 9. 17. 10. 18.]
91	24.0	True	[20. 24.  9. 10.]
92	25.0	True	[15.  8. 25. 13.]
93	31.0	True	[28. 31. 14.  9.]
94	31.0	False	[13. 27.  9.  8.]
95	31.0	False	[10. 19. 21.  9.]
96	31.0	False	[ 9. 10. 10.  8.]
97	31.0	False	[17. 13.  9.  9.]
98	31.0	False	[16. 14. 13. 10.]
99	31.0	False	[12.  9.  9. 10.]
100	31.0	False	[10.  9. 22.  8.]
101	31.0	False	[25. 14. 14. 23.]
102	31.0	False	[10. 15. 10. 15.]
103	31.0	False	[ 9.  9. 10. 14.]
104	31.0	False	[13.  9. 10. 16.]
105	31.0	False	[10. 17. 14. 14.]
106	31.0	False	[11. 10. 10. 13.]
107	31.0	False	[ 9. 10. 10. 10.]
108	31.0	False	[ 9.  9. 17. 14.]
109	31.0	False	[15.  8. 13.  9.]
110	31.0	False	[ 8.  8. 10.  9.]
111	31.0	False	[15. 17. 13.  9.]
112	31.0	False	[10. 13. 10.  9.]
113	31.0	False	[ 9. 15. 14. 10.]
114	31.0	False	[10. 10. 14. 16.]
115	31.0	False	[14. 17. 14.  9.]
116	31.0	True	[20. 31. 10. 14.]
117	31.0	False	[10. 14. 10.  9.]
118	31.0	False	[15.  8. 10. 28.]
119	31.0	False	[12. 14. 10.  9.]
120	31.0	False	[ 9. 10.  8. 14.]
121	31.0	False	[23. 14.  9.  9.]
122	31.0	False	[10.  9. 10.  9.]
123	31.0	False	[15. 15.  9. 11.]
124	31.0	False	[15. 10. 13.  8.]
125	31.0	False	[25. 20. 10. 15.]
126	31.0	False	[10. 14. 17.  9.]
127	31.0	False	[15. 14. 10. 10.]
128	40.0	True	[ 9.  8. 17. 40.]
129	50.0	True	[47. 33. 50. 36.]
130	56.0	True	[10. 56. 10. 35.]
131	56.0	False	[54. 52. 25. 38.]
132	56.0	False	[48. 10.  9.  9.]
133	56.0	False	[11.  9. 50. 34.]
134	56.0	False	[52. 50. 50. 10.]
135	56.0	False	[ 9. 25.  9.  9.]
136	57.0	True	[56. 39. 57. 39.]
137	57.0	False	[37. 11. 45. 10.]
138	57.0	False	[40. 34.  9. 46.]
139	57.0	False	[48. 52.  8. 31.]
140	57.0	False	[10. 47. 52. 25.]
141	60.0	True	[60. 25. 37. 40.]
142	60.0	True	[10. 51.  9. 60.]
143	60.0	False	[10.  8. 34. 46.]
144	60.0	False	[40. 38. 55. 42.]
145	60.0	False	[34. 10. 35. 10.]
146	60.0	False	[56. 21.  9. 49.]
147	60.0	False	[40.  9. 39. 46.]
148	60.0	False	[ 9. 26. 44. 47.]
149	60.0	False	[26.  9. 41.  9.]
150	64.0	True	[50. 40. 64.  9.]
151	64.0	False	[ 8.  8. 57. 25.]
152	64.0	False	[45. 50. 41. 35.]
153	64.0	False	[44. 36. 35. 26.]
154	64.0	False	[37. 49. 10. 39.]
155	64.0	False	[46. 11. 46. 41.]
156	64.0	False	[25.  9. 51. 40.]
157	64.0	False	[10. 10. 25. 38.]
158	64.0	False	[ 9. 38. 36. 10.]
159	64.0	False	[45. 35.  9. 40.]
160	64.0	False	[26. 10. 51. 40.]
161	64.0	False	[10.  8. 40. 52.]
162	64.0	False	[10. 34. 55. 10.]
163	64.0	False	[39. 42. 52. 32.]
164	64.0	False	[38. 24.  9. 10.]
165	64.0	False	[10. 10.  9. 56.]
166	64.0	False	[10.  9. 51. 44.]
167	64.0	False	[ 9. 34. 48. 10.]
168	64.0	False	[ 9.  8. 45. 35.]
169	64.0	False	[10. 38. 10.  9.]
170	64.0	False	[43. 35. 31.  9.]
171	64.0	False	[ 9.  9. 52. 42.]
172	64.0	False	[47.  8. 52. 55.]
173	64.0	False	[ 8. 38. 39.  9.]
174	64.0	False	[32. 52. 53. 13.]
175	64.0	False	[35. 10. 48. 48.]
176	64.0	False	[ 9. 31. 10. 10.]
177	64.0	False	[48. 39.  9. 38.]
178	64.0	False	[39. 25. 42. 41.]
179	64.0	False	[40. 11. 49. 52.]
180	64.0	False	[39. 45. 51.  9.]
181	64.0	False	[46. 48. 53. 41.]
182	64.0	False	[10. 38. 10. 56.]
183	64.0	True	[25. 39. 36. 64.]
184	64.0	False	[39. 11. 17. 47.]
185	64.0	False	[49.  9. 10. 53.]
186	64.0	False	[ 8.  9. 38.  9.]
187	64.0	False	[ 9.  9. 47. 24.]
188	64.0	False	[ 9. 51. 58. 56.]
189	64.0	False	[38.  8. 11. 10.]
190	64.0	False	[37. 50. 40. 34.]
191	64.0	False	[52. 51. 35. 10.]
192	64.0	False	[ 8.  9. 63. 31.]
193	64.0	False	[ 8.  9. 50. 15.]
194	64.0	False	[10.  9. 39. 42.]
195	64.0	False	[45. 40. 10. 35.]
196	64.0	False	[42. 41. 25. 10.]
197	64.0	False	[11. 35. 47.  9.]
198	64.0	False	[38. 37. 38. 57.]
199	64.0	False	[25.  9. 35. 58.]
200	64.0	False	[25. 10. 43. 10.]
201	64.0	False	[36.  9. 41.  9.]
202	64.0	False	[37. 49. 10. 10.]
203	64.0	False	[62. 10. 39. 40.]
204	64.0	False	[46. 35. 46. 41.]
205	64.0	False	[ 9.  9. 34. 54.]
206	64.0	False	[25. 35.  9. 40.]
207	64.0	False	[10. 42. 50. 38.]
208	64.0	False	[ 9. 39.  9. 52.]
209	64.0	False	[47.  9. 47.  9.]
210	64.0	False	[45. 53. 35.  9.]
211	64.0	False	[10. 21. 35. 31.]
212	64.0	False	[47. 37. 38.  8.]
213	64.0	False	[11. 39. 10. 48.]
214	68.0	True	[39. 25. 52. 68.]
215	68.0	False	[36. 52.  9.  8.]
216	68.0	False	[46. 35. 10. 48.]
217	68.0	False	[10. 48. 62. 26.]
218	68.0	False	[10. 38. 51. 44.]
219	68.0	False	[39.  9.  9. 35.]
220	68.0	False	[42.  8. 45. 45.]
221	68.0	False	[25. 47. 56. 38.]
222	68.0	False	[ 9. 11. 10. 35.]
223	68.0	False	[40. 42. 10. 10.]
224	68.0	False	[39.  9. 43. 10.]
225	68.0	False	[10. 38. 36. 61.]
226	68.0	False	[ 9. 38.  9. 56.]
227	68.0	False	[41. 10. 11. 41.]
228	68.0	False	[ 9. 38. 52. 58.]
229	68.0	False	[49.  9. 46. 41.]
230	68.0	False	[ 9. 26. 47. 39.]
231	68.0	False	[10. 37. 49. 54.]
232	68.0	False	[10.  9. 42. 10.]
233	68.0	False	[ 8. 10.  9.  9.]
234	68.0	False	[ 8. 40. 10. 10.]
235	68.0	False	[ 8. 44. 48. 10.]
236	68.0	False	[36. 51. 11. 43.]
237	68.0	False	[ 9. 51.  8.  9.]
238	68.0	False	[39. 61. 48. 38.]
239	68.0	False	[25. 57. 50.  9.]
240	68.0	False	[46. 41. 25. 10.]
241	68.0	False	[51. 36. 10. 46.]
242	68.0	False	[64. 51.  9. 32.]
243	68.0	False	[27. 25. 35. 41.]
244	68.0	False	[ 9.  9. 47. 54.]
245	68.0	False	[33. 12. 10.  9.]
246	68.0	False	[58. 47. 10. 42.]
247	68.0	False	[ 9. 38.  9.  9.]
248	68.0	False	[10. 21.  8. 48.]
249	68.0	False	[40. 46. 48. 49.]
250	68.0	False	[ 9.  9. 34. 41.]
251	68.0	False	[10. 40. 35. 57.]
252	68.0	False	[11. 38. 40.  9.]
253	68.0	False	[43. 53. 10. 50.]
254	68.0	False	[ 9. 51. 46. 10.]
255	68.0	False	[10. 39. 10. 39.]
256	68.0	False	[39. 55. 39. 47.]
257	68.0	False	[18. 31. 50. 38.]
258	68.0	False	[10. 10. 26. 31.]
259	68.0	False	[50.  9. 40. 36.]
260	68.0	False	[10.  9.  9. 50.]
261	68.0	False	[57. 51.  9.  8.]
262	68.0	False	[42.  9.  8. 10.]
263	68.0	False	[39. 52. 38.  9.]
264	68.0	False	[40. 39. 45. 10.]
265	68.0	False	[40. 40.  8. 52.]
266	68.0	False	[41. 46. 39. 25.]
267	68.0	False	[63. 35. 53. 38.]
268	68.0	False	[ 9. 25. 35. 10.]
269	68.0	False	[39. 38. 10. 55.]
270	68.0	False	[40. 44. 26. 41.]
271	68.0	False	[9. 8. 9. 9.]
272	68.0	False	[40.  9. 50.  9.]
273	68.0	False	[45. 45. 25. 25.]
274	68.0	False	[ 9. 51. 45. 10.]
275	68.0	False	[ 9. 47.  9. 39.]
276	68.0	False	[ 9. 40. 34.  9.]
277	68.0	False	[39. 10.  9. 10.]
278	68.0	False	[ 9.  8. 10. 41.]
279	68.0	False	[26. 55. 10. 10.]
280	68.0	False	[35. 25. 10. 11.]
281	68.0	False	[ 9. 10.  9. 25.]
282	68.0	False	[41. 25. 10. 56.]
283	68.0	False	[18. 41. 43.  9.]
284	68.0	False	[40. 25. 35. 45.]
285	68.0	False	[39. 36. 45.  8.]
286	68.0	False	[ 9. 39.  9.  9.]
287	68.0	False	[51.  9. 35.  9.]
288	68.0	False	[62.  9. 36. 10.]
289	68.0	False	[45. 49. 41. 25.]
290	68.0	False	[50. 52. 50.  9.]
291	68.0	False	[55. 26. 15. 39.]
292	68.0	False	[25. 47.  8. 35.]
293	68.0	False	[50. 46. 25. 10.]
294	68.0	False	[38. 38. 10. 34.]
295	68.0	False	[39. 41.  9. 10.]
296	68.0	False	[41. 25. 38. 42.]
297	68.0	False	[36. 41. 42. 62.]
298	68.0	False	[ 9.  8. 52. 48.]
299	68.0	False	[ 8.  9.  9. 45.]
300	68.0	False	[ 9. 11. 10.  9.]
301	68.0	False	[38. 45. 41. 50.]
302	68.0	False	[49. 39. 45. 42.]
303	68.0	False	[10. 34. 18. 38.]
304	68.0	False	[45. 10. 46.  8.]
305	68.0	False	[42.  9.  9. 10.]
306	68.0	False	[39. 10. 39. 10.]
307	68.0	False	[ 9. 51. 35.  9.]
308	68.0	False	[38.  8. 25. 10.]
309	68.0	False	[ 9. 49. 35. 52.]
310	68.0	False	[39.  8. 41. 13.]
311	68.0	False	[41. 10. 48. 39.]
312	68.0	False	[10. 35. 40. 34.]
313	68.0	False	[10. 32. 38. 10.]
314	68.0	False	[15. 53. 60. 10.]
315	68.0	False	[37.  9. 25. 31.]
316	68.0	False	[32.  9. 46. 60.]
317	68.0	False	[41. 10.  9.  9.]
318	68.0	False	[26. 10. 10. 37.]
319	68.0	False	[25.  9. 47. 35.]
320	68.0	False	[26. 53. 39. 48.]
321	68.0	False	[10. 61. 25.  8.]
322	68.0	False	[ 8. 39. 56. 54.]
323	68.0	False	[25. 48. 37.  9.]
324	68.0	False	[ 9.  9. 31. 57.]
325	68.0	False	[51. 49. 34. 48.]
326	68.0	False	[ 8. 51. 41. 52.]
327	68.0	False	[34. 10. 42. 10.]
328	68.0	False	[ 9. 37. 55. 10.]
329	68.0	False	[ 8.  9. 45. 38.]
330	68.0	False	[23. 32. 38. 40.]
331	68.0	False	[61. 10. 11. 25.]
332	68.0	False	[37. 51. 35. 58.]
333	68.0	True	[ 8. 68. 41. 10.]
334	68.0	False	[39. 10. 46. 10.]
335	68.0	False	[25. 10. 46. 25.]
336	68.0	False	[ 9. 40.  9. 10.]
337	68.0	False	[50. 35. 32. 25.]
338	68.0	False	[53. 37. 52. 10.]
339	68.0	False	[10.  9. 10.  9.]
340	68.0	False	[45. 39.  9. 39.]
341	68.0	False	[ 9. 51. 10. 35.]
342	68.0	False	[37. 38. 42. 35.]
343	68.0	False	[36. 47. 39.  8.]
344	68.0	False	[ 9. 45. 10.  9.]
345	68.0	False	[33. 10. 38. 53.]
346	68.0	False	[10.  9. 10. 41.]
347	68.0	False	[42. 45.  9. 40.]
348	68.0	False	[10. 47. 45. 10.]
349	68.0	False	[31. 34. 26. 10.]
350	68.0	False	[39. 48. 41. 49.]
351	68.0	False	[41. 34. 10.  9.]
352	68.0	False	[10. 10. 38. 48.]
353	68.0	False	[51. 10.  9. 50.]
354	68.0	False	[10. 50. 26.  9.]
355	68.0	False	[14.  9. 35. 26.]
356	68.0	False	[ 9. 34. 35. 46.]
357	68.0	False	[10. 10.  9. 44.]
358	68.0	False	[10. 39. 10. 56.]
359	68.0	False	[42.  9. 53.  8.]
360	68.0	False	[63. 10. 10. 34.]
361	68.0	False	[26. 55. 10. 52.]
362	68.0	False	[ 9. 10. 10. 46.]
363	68.0	False	[35. 45.  9. 25.]
364	68.0	False	[53.  9. 10. 39.]
365	68.0	False	[52. 46. 42. 52.]
366	68.0	False	[11. 40. 10. 40.]
367	68.0	False	[10. 42.  8. 57.]
368	68.0	False	[39.  8. 31. 48.]
369	68.0	False	[39. 11. 48. 11.]
370	68.0	False	[ 9. 48.  9. 41.]
371	68.0	False	[46. 52. 61.  9.]
372	68.0	False	[47.  9. 61. 10.]
373	68.0	False	[10. 31. 64.  9.]
374	68.0	False	[ 9. 42. 50. 42.]
375	68.0	False	[39. 32.  9. 34.]
376	68.0	False	[ 9. 40. 10.  8.]
377	68.0	False	[11. 31. 10. 35.]
378	68.0	False	[38. 50. 35. 53.]
379	68.0	False	[ 9. 38. 40.  8.]
380	68.0	False	[ 8. 40. 40. 38.]
381	68.0	False	[62. 10. 55. 10.]
382	68.0	False	[ 8. 53. 10.  8.]
383	68.0	False	[62. 36. 51. 41.]
384	68.0	False	[55. 51. 10. 39.]
385	68.0	False	[46. 36. 10. 10.]
386	68.0	False	[40. 10. 10. 10.]
387	68.0	False	[39. 38. 51. 10.]
388	68.0	False	[ 9. 26.  8. 49.]
389	68.0	False	[40. 36.  9. 47.]
390	68.0	False	[42.  9. 14.  9.]
391	68.0	False	[34. 13. 56. 10.]
392	68.0	False	[39. 51. 51. 46.]
393	68.0	False	[38. 26. 41. 25.]
394	68.0	False	[25. 46. 45. 47.]
395	68.0	False	[41. 44. 10. 35.]
396	68.0	False	[41. 10. 46. 46.]
397	68.0	False	[40.  8. 40. 51.]
398	68.0	False	[40. 25. 38.  9.]
399	68.0	False	[ 9. 42. 41.  9.]
400	68.0	False	[41.  9.  9. 11.]
401	68.0	False	[35. 38. 40.  9.]
402	68.0	False	[49. 10. 10. 40.]
403	68.0	False	[58.  9. 37. 52.]
404	68.0	False	[39. 46. 25. 55.]
405	68.0	False	[ 8. 54. 41. 10.]
406	68.0	False	[38.  9.  9. 36.]
407	68.0	False	[37. 49.  8.  9.]
408	68.0	False	[34. 39. 48. 61.]
409	68.0	False	[25. 59. 40. 10.]
410	68.0	False	[51. 36. 35. 41.]
411	68.0	False	[ 9. 11. 11. 24.]
412	68.0	False	[40. 47. 10. 11.]
413	68.0	False	[58. 56. 37. 58.]
414	68.0	False	[10. 40.  9. 36.]
415	68.0	False	[10. 39. 50.  9.]
416	68.0	False	[10.  9.  9.  9.]
417	68.0	False	[53. 50. 41.  9.]
418	68.0	False	[49. 46. 35. 31.]
419	68.0	False	[36. 45. 10.  9.]
420	68.0	False	[ 9.  9. 38. 24.]
421	68.0	False	[ 9. 34. 40. 10.]
422	68.0	False	[10. 31. 10. 10.]
423	68.0	False	[32. 10. 35. 41.]
424	68.0	False	[46. 34. 51. 25.]
425	68.0	False	[39.  8. 41. 10.]
426	68.0	False	[15. 57. 10. 56.]
427	68.0	False	[41. 10. 11. 10.]
428	68.0	False	[10. 36. 25. 45.]
429	68.0	False	[ 9.  8. 10.  9.]
430	68.0	False	[46. 40.  9. 10.]
431	68.0	False	[26. 55.  9. 10.]
432	68.0	False	[ 9.  9. 46. 10.]
433	68.0	False	[46. 54.  8.  9.]
434	68.0	False	[ 9.  8. 24. 45.]
435	68.0	False	[39. 40. 10. 11.]
436	68.0	False	[38. 34. 49. 38.]
437	68.0	False	[60. 51. 52. 60.]
438	68.0	False	[ 9.  8. 40.  9.]
439	68.0	False	[36. 10. 10.  9.]
440	68.0	False	[13.  9.  8. 32.]
441	68.0	False	[52.  8. 50. 41.]
442	68.0	False	[49. 10. 63. 34.]
443	68.0	False	[43.  9. 38. 10.]
444	68.0	False	[52.  9. 54. 40.]
445	68.0	False	[45. 40. 25. 42.]
446	68.0	False	[10. 10.  9. 11.]
447	68.0	False	[53. 35. 10. 39.]
448	68.0	False	[55. 60. 11. 40.]
449	68.0	False	[10. 31. 44.  8.]
450	68.0	False	[10. 38. 37.  9.]
451	68.0	False	[48. 10.  8. 44.]
452	68.0	False	[10.  8.  8. 15.]
453	68.0	False	[49. 10. 25. 10.]
454	68.0	False	[39. 11. 38. 10.]
455	68.0	False	[ 9. 37. 40. 38.]
456	68.0	False	[38.  8.  9. 51.]
457	68.0	False	[56.  9. 53. 39.]
458	68.0	False	[10. 59. 51. 56.]
459	68.0	False	[26.  8. 35. 39.]
460	68.0	False	[26. 38. 26. 26.]
461	68.0	False	[25. 46. 49. 47.]
462	68.0	False	[ 9. 53. 35. 41.]
463	68.0	False	[43. 35. 10. 40.]
464	68.0	False	[31. 10. 41. 11.]
465	68.0	False	[10. 26. 47. 54.]
466	68.0	False	[ 9. 26. 41.  9.]
467	68.0	False	[10. 48. 38. 39.]
468	68.0	False	[10.  9. 37. 35.]
469	68.0	False	[38. 51.  8. 39.]
470	68.0	False	[ 9.  8. 10. 40.]
471	68.0	False	[ 8. 41. 52. 11.]
472	68.0	False	[ 9. 43. 10. 25.]
473	68.0	False	[46. 46. 56. 10.]
474	68.0	False	[27. 45. 50.  9.]
475	68.0	False	[23. 48.  8. 28.]
476	68.0	False	[10. 39. 10. 35.]
477	68.0	False	[49. 52. 46.  8.]
478	68.0	False	[ 9. 42.  9. 10.]
479	68.0	False	[ 9. 51.  8.  9.]
480	68.0	False	[10.  9. 38. 10.]
481	68.0	False	[ 9.  9. 14. 51.]
482	68.0	False	[ 9.  9. 10. 35.]
483	68.0	False	[ 9. 35. 47. 42.]
484	68.0	False	[10. 32.  9.  8.]
485	68.0	False	[42.  9. 41. 57.]
486	68.0	False	[49. 25. 37. 35.]
487	68.0	False	[50. 49. 34. 35.]
488	68.0	False	[10. 10. 35. 35.]
489	68.0	False	[41. 32. 37. 51.]
490	68.0	False	[ 9. 52.  9. 40.]
491	68.0	False	[53. 34. 47.  9.]
492	68.0	False	[25.  9. 27. 31.]
493	68.0	False	[10. 46.  9. 34.]
494	68.0	False	[ 9. 47. 41. 61.]
495	68.0	False	[ 8.  9. 10. 10.]
496	68.0	False	[10. 39. 10. 39.]
497	68.0	False	[45. 52. 41. 39.]
498	68.0	False	[28. 10. 44.  9.]
499	68.0	False	[10. 63. 10. 36.]
500	68.0	False	[35. 57. 10. 38.]
501	68.0	False	[ 8.  9. 35. 47.]
502	68.0	False	[10. 35. 51. 56.]
503	68.0	False	[40.  9. 40. 45.]
504	68.0	False	[24. 47. 35.  9.]
505	68.0	False	[34. 11. 52. 12.]
506	68.0	False	[48. 46. 11. 26.]
507	68.0	False	[48. 49. 35. 51.]
508	68.0	False	[35.  9. 10. 44.]
509	68.0	False	[10.  9.  9. 45.]
510	68.0	False	[51.  9.  9. 38.]
511	68.0	False	[ 9. 48. 23. 46.]
512	68.0	False	[10. 10.  9. 39.]
513	68.0	False	[62. 10.  8. 45.]
514	68.0	False	[38. 35. 47. 60.]
515	68.0	False	[ 8. 52. 31. 51.]
516	68.0	False	[10. 40. 10. 10.]
517	68.0	False	[ 9. 36. 46. 38.]
518	68.0	False	[36.  9. 48. 25.]
519	68.0	False	[25. 41. 54. 39.]
520	68.0	False	[51.  8. 25.  9.]
521	68.0	False	[42. 45. 43. 39.]
522	68.0	False	[35.  9. 37. 45.]
523	68.0	False	[46. 48. 55. 49.]
524	68.0	False	[36.  9. 40. 10.]
525	68.0	False	[10. 47. 10. 41.]
526	68.0	False	[ 9. 41.  9.  9.]
527	68.0	False	[40. 55.  9. 10.]
528	68.0	False	[ 8. 39. 52. 46.]
529	68.0	False	[35. 51.  9. 38.]
530	68.0	False	[ 8. 39. 10. 33.]
531	68.0	False	[ 8. 35. 38. 46.]
532	68.0	False	[35. 52. 39. 10.]
533	68.0	False	[45. 39.  9. 39.]
534	68.0	False	[10. 47. 37. 40.]
535	68.0	False	[36. 37. 45. 10.]
536	68.0	False	[10. 51. 49. 43.]
537	68.0	False	[38. 10. 35. 13.]
538	68.0	False	[10. 57. 26. 10.]
539	68.0	False	[10. 32. 36. 31.]
540	68.0	False	[35. 38.  9.  9.]
541	68.0	False	[38. 39. 34. 38.]
542	68.0	False	[37. 10. 35. 10.]
543	68.0	False	[25. 33. 10. 38.]
544	68.0	False	[10. 49. 41.  9.]
545	68.0	False	[ 9. 56. 37. 31.]
546	68.0	False	[51.  9.  9. 40.]
547	68.0	False	[31. 11. 58. 52.]
548	68.0	False	[46.  9. 10. 54.]
549	68.0	False	[10. 10. 47.  8.]
550	68.0	False	[11. 40.  9. 10.]
551	68.0	False	[10.  9.  8. 39.]
552	68.0	False	[39. 10. 58. 10.]
553	68.0	False	[ 9. 38. 11.  9.]
554	68.0	False	[10. 10. 51. 37.]
555	68.0	False	[10. 59. 36. 45.]
556	68.0	False	[37. 56. 42. 26.]
557	68.0	False	[52. 10. 39. 42.]
558	68.0	False	[25.  9. 34. 51.]
559	68.0	False	[47.  8. 36. 53.]
560	68.0	False	[ 9. 41.  9.  9.]
561	68.0	False	[40.  8.  9. 11.]
562	68.0	False	[10.  9. 10. 26.]
563	68.0	False	[41.  9. 56.  9.]
564	68.0	False	[ 9. 38. 38. 45.]
565	68.0	False	[25. 26. 10. 51.]
566	68.0	False	[35. 10. 49.  9.]
567	68.0	False	[34. 38. 34. 47.]
568	68.0	False	[ 8. 62. 26. 39.]
569	68.0	False	[34.  9. 49. 55.]
570	68.0	False	[48. 52.  9. 34.]
571	68.0	False	[26. 40. 10. 10.]
572	68.0	False	[44.  9. 10. 52.]
573	68.0	False	[10. 39.  9.  9.]
574	68.0	False	[51. 39. 12. 45.]
575	68.0	False	[31. 10. 10.  9.]
576	68.0	False	[ 9.  8. 11. 35.]
577	68.0	False	[36. 10. 34. 10.]
578	68.0	False	[40. 45. 41.  9.]
579	68.0	False	[ 9. 52.  9. 10.]
580	68.0	False	[34. 40. 10. 38.]
581	68.0	False	[62. 41. 39. 38.]
582	68.0	False	[25. 10.  9. 41.]
583	68.0	False	[10. 36.  8. 10.]
584	68.0	False	[ 9. 43. 37. 45.]
585	68.0	False	[10. 34.  9. 39.]
586	68.0	False	[ 9. 26.  9. 56.]
587	68.0	False	[51. 10.  9. 10.]
588	68.0	False	[39. 31.  9. 46.]
589	68.0	False	[ 9. 10. 10. 10.]
590	68.0	False	[54. 38. 38. 10.]
591	68.0	False	[10. 10. 38.  9.]
592	68.0	False	[10. 51. 41.  9.]
593	68.0	False	[56. 47.  9.  8.]
594	68.0	False	[25. 21. 42.  8.]
595	68.0	False	[51. 31. 10. 37.]
596	68.0	False	[35. 36. 39.  9.]
597	68.0	False	[40.  9. 56. 40.]
598	68.0	False	[ 9.  9. 31.  8.]
599	68.0	False	[51. 39. 40. 10.]
600	68.0	False	[46. 38. 51. 36.]
601	68.0	False	[39. 10. 45.  9.]
602	68.0	False	[35. 10.  8. 41.]
603	68.0	False	[10. 41. 56. 40.]
604	68.0	False	[ 9.  9. 10. 55.]
605	68.0	True	[31. 14. 68. 10.]
606	68.0	False	[ 8. 10. 52.  9.]
607	68.0	False	[10. 42. 41. 10.]
608	68.0	False	[25. 26. 10. 24.]
609	68.0	False	[52.  9.  8. 10.]
610	68.0	False	[ 9. 39. 50. 10.]
611	68.0	False	[41.  9. 39. 51.]
612	68.0	False	[37. 52. 10. 41.]
613	68.0	False	[60. 10. 10. 35.]
614	68.0	False	[ 9. 59.  8. 40.]
615	68.0	False	[52. 55. 47. 10.]
616	68.0	False	[ 9. 25. 10. 39.]
617	68.0	False	[25. 38.  9. 10.]
618	68.0	False	[ 9. 10. 52. 47.]
619	68.0	False	[10. 25. 32. 36.]
620	68.0	False	[10. 39.  9.  9.]
621	68.0	False	[ 9.  8. 53. 10.]
622	68.0	False	[10. 40. 41. 37.]
623	68.0	False	[38.  9. 39. 49.]
624	68.0	False	[51. 26.  9. 56.]
625	68.0	False	[43.  8.  9. 45.]
626	68.0	False	[41. 37. 39. 39.]
627	68.0	False	[52.  9. 49. 44.]
628	68.0	False	[32. 39. 32. 31.]
629	68.0	False	[12.  9.  9. 10.]
630	68.0	False	[ 8. 46. 35. 51.]
631	68.0	False	[47.  9. 39. 31.]
632	68.0	False	[55. 64.  8. 34.]
633	68.0	False	[40.  9. 51. 41.]
634	68.0	False	[ 9. 10. 49. 42.]
635	68.0	False	[11. 58. 10. 40.]
636	68.0	False	[52.  9. 55. 38.]
637	68.0	False	[45. 10. 34. 22.]
638	68.0	False	[39.  8. 10. 57.]
639	68.0	False	[41.  9. 31. 44.]
640	68.0	False	[40. 56.  9. 26.]
641	68.0	False	[ 9.  8. 52. 34.]
642	68.0	False	[ 8. 39. 39. 10.]
643	68.0	False	[ 9. 36. 49. 34.]
644	68.0	False	[ 9. 39. 10. 34.]
645	68.0	False	[ 9. 40. 38. 49.]
646	68.0	False	[ 9.  9.  9. 26.]
647	68.0	False	[ 9.  9. 31.  9.]
648	68.0	False	[10. 47. 37. 42.]
649	68.0	False	[34. 10. 33. 36.]
650	68.0	False	[10.  8. 10. 50.]
651	68.0	False	[ 8. 40.  9.  9.]
652	68.0	False	[58. 44. 11. 11.]
653	68.0	False	[50. 55.  8. 24.]
654	68.0	False	[10. 10.  9. 35.]
655	68.0	False	[10. 49. 38. 37.]
656	68.0	False	[ 9. 10. 49.  9.]
657	68.0	False	[ 9. 36. 14. 25.]
658	68.0	False	[38. 47. 51.  9.]
659	68.0	False	[31. 36. 10. 40.]
660	68.0	False	[35. 10. 40. 46.]
661	68.0	False	[36. 34. 40.  9.]
662	68.0	False	[ 9. 51. 60. 62.]
663	68.0	False	[35. 50. 39. 50.]
664	68.0	False	[32. 30. 41. 25.]
665	68.0	False	[ 9. 42. 54. 47.]
666	68.0	False	[35.  9. 10. 52.]
667	68.0	False	[39. 32. 10. 49.]
668	68.0	False	[ 9. 34. 52. 38.]
669	68.0	False	[32. 42. 10. 38.]
670	68.0	False	[10. 48. 23. 26.]
671	68.0	False	[58. 41. 41. 10.]
672	68.0	False	[26. 10. 26. 36.]
673	68.0	False	[ 9.  9. 45. 44.]
674	68.0	False	[49. 40. 41.  9.]
675	68.0	False	[ 9. 52. 56.  9.]
676	68.0	False	[44. 35. 38. 38.]
677	68.0	False	[31. 56. 10. 48.]
678	68.0	False	[46. 37. 25. 10.]
679	68.0	False	[39. 55. 38. 38.]
680	68.0	False	[ 9. 37. 32. 39.]
681	68.0	False	[40. 37. 58. 34.]
682	68.0	False	[34.  9. 42. 45.]
683	68.0	False	[10. 47. 40. 25.]
684	68.0	False	[53. 39.  9.  9.]
685	68.0	False	[48. 40. 34.  8.]
686	68.0	False	[42. 11. 46. 52.]
687	68.0	False	[10. 39. 40. 37.]
688	68.0	False	[36. 50. 10.  9.]
689	68.0	False	[31. 10. 32. 25.]
690	68.0	False	[38.  9. 10.  8.]
691	68.0	False	[37. 60. 33. 41.]
692	68.0	False	[34. 38. 39.  8.]
693	68.0	False	[ 9. 59. 37. 46.]
694	68.0	False	[35. 55. 10. 45.]
695	68.0	False	[ 9. 47. 34. 42.]
696	68.0	False	[32. 46. 31. 41.]
697	68.0	False	[42.  9. 32. 39.]
698	68.0	False	[39. 35. 31. 37.]
699	68.0	False	[49. 40. 10. 43.]
700	68.0	False	[ 8.  9.  9. 35.]
701	68.0	False	[ 8. 52.  9. 45.]
702	68.0	False	[49. 41. 10. 56.]
703	68.0	False	[10.  9. 40.  9.]
704	68.0	False	[40. 46. 37. 40.]
705	68.0	False	[10. 41. 10. 10.]
706	68.0	False	[38. 52. 37. 26.]
707	68.0	False	[52. 57. 42.  9.]
708	68.0	False	[44. 35. 49. 60.]
709	68.0	False	[10. 11. 54. 39.]
710	68.0	False	[ 9. 45. 52. 25.]
711	68.0	False	[10. 10. 39.  9.]
712	68.0	False	[39.  9. 42.  9.]
713	68.0	False	[51. 37.  9. 10.]
714	68.0	False	[ 8. 25. 39. 32.]
715	68.0	False	[ 9. 54. 35. 10.]
716	68.0	False	[35. 52. 10. 34.]
717	68.0	False	[39. 49. 12. 35.]
718	68.0	False	[10. 10. 46.  9.]
719	68.0	False	[11. 38. 35. 40.]
720	68.0	False	[38. 35. 25. 46.]
721	68.0	False	[ 8. 10. 10. 43.]
722	68.0	False	[45. 10. 10. 41.]
723	68.0	False	[10.  8. 10. 41.]
724	68.0	False	[11. 10. 25. 38.]
725	68.0	False	[10.  8. 43.  9.]
726	68.0	False	[ 9. 27. 35. 45.]
727	68.0	False	[48. 49. 50. 42.]
728	68.0	False	[10. 25. 39. 47.]
729	68.0	False	[40. 41.  8.  9.]
730	68.0	False	[41. 49. 38. 39.]
731	68.0	False	[ 9.  9. 56. 39.]
732	68.0	False	[44.  9. 41. 41.]
733	68.0	False	[10.  9. 45.  9.]
734	68.0	False	[38. 37. 38. 10.]
735	68.0	False	[39. 48. 41. 51.]
736	68.0	False	[46. 55. 10. 38.]
737	68.0	False	[37. 39.  8. 10.]
738	68.0	False	[38. 10.  8.  9.]
739	68.0	False	[43.  9. 45. 25.]
740	68.0	False	[60.  9. 41. 50.]
741	68.0	False	[11. 32.  9. 25.]
742	68.0	False	[41. 41. 25.  9.]
743	68.0	False	[ 9.  9. 10. 59.]
744	68.0	False	[13. 10. 52. 34.]
745	68.0	False	[57.  8. 33. 58.]
746	68.0	False	[11.  9. 44.  9.]
747	68.0	False	[ 9. 26. 43. 37.]
748	68.0	False	[40. 10. 10. 55.]
749	68.0	False	[10.  9. 25.  8.]
750	68.0	False	[39. 10. 56. 36.]
751	68.0	False	[41. 42.  8. 10.]
752	68.0	False	[56. 26. 42. 47.]
753	68.0	False	[57. 57. 35. 10.]
754	68.0	False	[ 9. 57. 10. 10.]
755	68.0	False	[52. 46.  9. 52.]
756	68.0	False	[47. 31. 41.  9.]
757	68.0	False	[45. 27. 39. 47.]
758	68.0	False	[39.  9. 55. 39.]
759	68.0	False	[ 8. 42. 50. 10.]
760	68.0	False	[45.  9. 34.  9.]
761	68.0	False	[10. 35. 34. 38.]
762	68.0	False	[10. 24. 51. 39.]
763	68.0	False	[37. 41. 10. 10.]
764	68.0	False	[10.  9. 10.  9.]
765	68.0	False	[ 9. 10. 40. 10.]
766	68.0	False	[48. 50. 42. 39.]
767	68.0	False	[27. 10. 62. 39.]
768	68.0	False	[50. 40. 10. 39.]
769	68.0	False	[57. 57. 10. 51.]
770	68.0	False	[51.  9. 51. 59.]
771	68.0	False	[10. 34.  9. 37.]
772	68.0	False	[48. 47. 40. 41.]
773	68.0	False	[ 9. 34. 45.  9.]
774	68.0	False	[36. 40. 48.  9.]
775	68.0	False	[34.  9.  9. 49.]
776	68.0	False	[25. 32. 31. 10.]
777	68.0	False	[10. 53. 41.  9.]
778	68.0	False	[41. 46.  9. 10.]
779	68.0	False	[31. 27.  9. 52.]
780	68.0	False	[ 9.  9. 10. 56.]
781	68.0	False	[31.  9. 47. 43.]
782	68.0	False	[43.  9.  9.  9.]
783	68.0	False	[61. 10.  8. 38.]
784	68.0	False	[51.  9. 42. 10.]
785	68.0	False	[40. 10.  8. 39.]
786	68.0	False	[ 8. 10. 45. 41.]
787	68.0	False	[11.  9. 10. 10.]
788	68.0	False	[25. 66. 32. 34.]
789	68.0	False	[10.  9. 10. 35.]
790	68.0	False	[40. 38. 41. 25.]
791	68.0	False	[10.  9.  8. 45.]
792	68.0	False	[32. 12.  9. 27.]
793	68.0	False	[ 9. 25. 59.  9.]
794	68.0	False	[51. 37. 10. 48.]
795	68.0	False	[34. 10.  9.  8.]
796	68.0	False	[10. 42.  9. 26.]
797	68.0	False	[ 9. 47. 10. 62.]
798	68.0	False	[39. 40. 56. 34.]
799	68.0	False	[49. 55. 52. 41.]
800	68.0	False	[58. 12. 57. 50.]
801	68.0	False	[34. 35. 42.  9.]
802	68.0	False	[ 9. 37.  8. 39.]
803	68.0	False	[34. 51. 10. 10.]
804	68.0	False	[41.  8. 10. 38.]
805	68.0	False	[30. 11. 10.  9.]
806	68.0	False	[35. 31. 39. 10.]
807	68.0	False	[48. 10. 10. 41.]
808	68.0	False	[34.  8. 37. 39.]
809	68.0	False	[54. 10.  9. 51.]
810	68.0	False	[38. 10.  9. 26.]
811	68.0	False	[50.  9. 10.  9.]
812	68.0	False	[10.  9.  8. 35.]
813	68.0	False	[10. 52. 32. 10.]
814	68.0	False	[10.  9. 36.  9.]
815	68.0	False	[ 9. 38. 36.  9.]
816	68.0	False	[54. 52. 36. 44.]
817	68.0	False	[10. 10. 37. 41.]
818	68.0	False	[10. 51. 39. 52.]
819	68.0	False	[10. 47.  8. 29.]
820	68.0	False	[34. 47. 34. 39.]
821	68.0	False	[42. 10. 41.  9.]
822	68.0	False	[ 9.  9. 52. 35.]
823	68.0	False	[55. 34. 45.  9.]
824	68.0	False	[10. 31. 10. 55.]
825	68.0	False	[35.  9. 52. 39.]
826	68.0	False	[38.  9. 48.  9.]
827	68.0	False	[39. 47. 10. 50.]
828	68.0	False	[ 8.  9. 45. 52.]
829	68.0	False	[46. 10. 45.  8.]
830	68.0	False	[35.  9. 10. 39.]
831	68.0	False	[32. 46. 39. 37.]
832	68.0	False	[32. 49. 48. 47.]
833	68.0	False	[10. 10.  9. 41.]
834	68.0	False	[ 9. 48. 46. 31.]
835	68.0	False	[31. 49.  9.  9.]
836	68.0	False	[47.  9. 37.  8.]
837	68.0	False	[39. 34. 35. 10.]
838	68.0	False	[56. 37. 37. 57.]
839	68.0	False	[42. 52. 25. 45.]
840	68.0	False	[39. 38. 51. 35.]
841	68.0	False	[24.  9. 10. 55.]
842	68.0	False	[10. 31.  9. 62.]
843	68.0	False	[48. 29. 38. 32.]
844	68.0	False	[39. 60. 55. 37.]
845	68.0	False	[40. 26. 45. 47.]
846	68.0	False	[39.  9.  9. 42.]
847	68.0	False	[57. 50. 40. 45.]
848	68.0	False	[49. 56. 36. 10.]
849	68.0	False	[51. 10.  9.  9.]
850	68.0	False	[35.  9.  8. 40.]
851	68.0	False	[33. 40. 35.  9.]
852	68.0	False	[52. 10. 56.  9.]
853	68.0	False	[ 8. 45.  9. 10.]
854	68.0	False	[ 8. 35. 11.  8.]
855	68.0	False	[42. 52. 44.  8.]
856	68.0	False	[10. 45. 46.  9.]
857	68.0	False	[40. 57. 58. 46.]
858	68.0	False	[25. 60. 25. 10.]
859	68.0	False	[46. 10. 36.  9.]
860	68.0	False	[10.  9.  8. 52.]
861	68.0	False	[46. 51. 10.  8.]
862	68.0	False	[ 8.  9. 10. 52.]
863	68.0	False	[40. 56. 15. 46.]
864	68.0	False	[26. 34. 11. 35.]
865	68.0	False	[12. 36. 52. 52.]
866	68.0	False	[ 8. 51. 10. 47.]
867	68.0	False	[10. 25.  8. 55.]
868	68.0	False	[ 9. 60. 35. 10.]
869	68.0	False	[37. 48.  9.  9.]
870	68.0	False	[39. 56.  9. 38.]
871	68.0	False	[61. 41.  9. 40.]
872	68.0	False	[35. 39. 10. 36.]
873	68.0	False	[38. 55.  9. 62.]
874	68.0	False	[53. 42. 39. 10.]
875	68.0	False	[45. 45. 35. 44.]
876	68.0	False	[39. 10. 53. 42.]
877	68.0	False	[25. 26. 39. 36.]
878	68.0	False	[11.  9. 40. 41.]
879	68.0	False	[ 9. 45. 10. 53.]
880	68.0	False	[52. 38.  9.  8.]
881	68.0	False	[40.  9. 39.  9.]
882	68.0	False	[51. 34.  9. 32.]
883	68.0	False	[10. 51. 10.  9.]
884	68.0	False	[48. 55. 46. 39.]
885	68.0	False	[50. 10.  8. 38.]
886	68.0	False	[10. 35. 10. 52.]
887	68.0	False	[31. 47. 41.  9.]
888	68.0	False	[10. 40. 41.  9.]
889	68.0	False	[45.  8. 54. 39.]
890	68.0	False	[37. 10. 49.  9.]
891	68.0	False	[10. 48. 51. 52.]
892	68.0	False	[ 9. 46. 10. 10.]
893	68.0	False	[44. 41. 31. 46.]
894	68.0	False	[49. 41. 39. 45.]
895	68.0	False	[41. 46. 36.  8.]
896	68.0	False	[36. 25.  9. 10.]
897	68.0	False	[11. 10. 38. 44.]
898	68.0	False	[38. 40. 37. 46.]
899	68.0	False	[47. 35. 11.  9.]
900	68.0	False	[10. 57. 33. 26.]
901	68.0	False	[25.  8.  9.  9.]
902	68.0	False	[47. 37.  9. 40.]
903	68.0	False	[ 9.  9. 42.  9.]
904	68.0	False	[47. 32. 39. 42.]
905	68.0	False	[34. 39.  9. 10.]
906	68.0	False	[60.  9. 62. 47.]
907	68.0	False	[39. 34. 39.  9.]
908	68.0	False	[10. 47. 26. 10.]
909	68.0	False	[42.  9. 47. 31.]
910	68.0	False	[38. 40. 58. 52.]
911	68.0	False	[10. 26. 51. 34.]
912	68.0	False	[52. 35. 25. 34.]
913	68.0	False	[ 9. 39.  9. 53.]
914	68.0	False	[32. 47.  9. 26.]
915	68.0	False	[26. 51. 53.  9.]
916	68.0	False	[10.  9. 55. 10.]
917	68.0	False	[38.  9.  8. 51.]
918	68.0	False	[38. 35. 39. 40.]
919	68.0	False	[25. 35. 40. 42.]
920	68.0	False	[48. 31. 31. 47.]
921	68.0	False	[34. 41. 26. 47.]
922	68.0	False	[10. 56.  9. 52.]
923	68.0	False	[10. 47.  9. 10.]
924	68.0	False	[10. 66. 41. 10.]
925	68.0	False	[56.  9. 47. 10.]
926	68.0	False	[11. 10. 37. 10.]
927	68.0	False	[36. 47.  9.  9.]
928	68.0	False	[10. 42.  9. 34.]
929	68.0	False	[10. 41.  9. 47.]
930	68.0	False	[38. 25. 47. 45.]
931	68.0	False	[35. 11.  8. 36.]
932	68.0	False	[34.  9. 45. 37.]
933	68.0	False	[31. 52. 47. 32.]
934	68.0	False	[39.  9.  9. 37.]
935	68.0	False	[ 9. 10. 31. 39.]
936	68.0	False	[10. 10. 36.  9.]
937	68.0	False	[ 9.  9. 53. 35.]
938	68.0	False	[49. 11. 10. 39.]
939	68.0	False	[ 9. 10. 47.  8.]
940	68.0	False	[ 9. 10. 25. 10.]
941	68.0	False	[11. 32. 11. 10.]
942	68.0	False	[11. 52. 51. 10.]
943	68.0	False	[10. 10. 45. 43.]
944	68.0	False	[48.  9. 55. 10.]
945	68.0	False	[45. 50. 10. 46.]
946	68.0	False	[10. 52. 49.  9.]
947	68.0	False	[39.  9. 10. 47.]
948	68.0	False	[44.  8. 10. 45.]
949	68.0	False	[41. 10. 46. 45.]
950	68.0	False	[47. 51.  9.  9.]
951	68.0	False	[10. 34. 26.  9.]
952	68.0	False	[ 9. 40. 10.  8.]
953	68.0	False	[10. 36. 35.  9.]
954	68.0	False	[55. 37. 40.  9.]
955	68.0	False	[ 9. 49.  9.  9.]
956	68.0	False	[39. 10. 10. 51.]
957	71.0	True	[71. 10.  9. 39.]
958	71.0	False	[10. 41. 10.  9.]
959	71.0	False	[39. 38.  9.  9.]
960	71.0	False	[38. 40. 41. 37.]
961	71.0	False	[ 9.  9. 40. 41.]
962	71.0	False	[44. 56. 45.  9.]
963	71.0	False	[ 9. 39. 41. 52.]
964	71.0	False	[39. 59. 10. 59.]
965	71.0	False	[45.  9. 37.  8.]
966	71.0	False	[ 9.  9. 40.  8.]
967	71.0	False	[34. 56. 35.  9.]
968	71.0	False	[39.  8. 45. 40.]
969	71.0	False	[51. 51. 10. 51.]
970	71.0	False	[10. 10. 48.  9.]
971	71.0	False	[52. 38. 36.  8.]
972	71.0	False	[48. 41.  9. 10.]
973	71.0	False	[51. 10.  9. 10.]
974	71.0	False	[34. 25. 10.  9.]
975	71.0	False	[10. 39. 39. 10.]
976	71.0	False	[10. 56. 53.  9.]
977	71.0	False	[38. 35. 36. 49.]
978	71.0	False	[39. 35. 56.  9.]
979	71.0	False	[52. 35. 10. 42.]
980	71.0	False	[26. 35. 10. 52.]
981	71.0	False	[54. 10. 41. 61.]
982	71.0	False	[39.  9. 62. 49.]
983	71.0	False	[ 9. 10. 49. 35.]
984	71.0	False	[47. 10. 10. 56.]
985	71.0	False	[25. 52. 51. 52.]
986	71.0	False	[ 9. 10. 58. 38.]
987	71.0	False	[35.  9. 38. 25.]
988	71.0	False	[41. 68. 39. 40.]
989	71.0	False	[ 9. 41. 61. 42.]
990	71.0	False	[57. 36. 53. 10.]
991	71.0	False	[59. 49. 43. 10.]
992	71.0	False	[ 9. 36.  9. 39.]
993	71.0	False	[40. 32. 29. 10.]
994	71.0	False	[38. 36. 49. 36.]
995	71.0	False	[10. 10. 10. 10.]
996	71.0	False	[39. 34. 39.  9.]
997	71.0	False	[ 8.  9. 10.  8.]
998	71.0	False	[10. 37. 46. 10.]
999	71.0	False	[38. 10. 39. 33.]
1000	71.0	False	[10. 39. 42. 10.]
